01000110001011010111110000100111001101001010011010
01110100110111011000110111011001010011011011011100
10010010101001010100001001111100001011110100110010
00110000011010101111100011101001000001000011001011
00101000001100000010100001110110111100001101001010
11011000001101011101110110011110001000010101101101
11111001101110100100101111101110100111101001110100
01111011011111100010101101110101011011100001000100
10011011011001111110101111001111101101001100111011
01101010111111110000001000001011100100100001111011
01100110001111001000101110010111110010000010010110
00010111111000010001000001001010110100010111111111
01111001000110110100101001111111001101111111111111
00011110110011001010010111110000101110101001100000
00011001100100101001111111111111110001001111011111
10100000101110111110100010000111011100110011001101
10100001101101111001111001010010001110101011101010
11100001110111011010001011110011000111010000101010
01011100010000100001001100100100110111001000101100
11000011010000001011100010001100101110010001110010
11000010110101110110001100001001000101011101000101
00001011100101100101011000000110111001000100011001
11110001011101110111101011110111100011110110110100
10001111011100110101100111110111011101110100111111
