00000000100000000000000000000000000000000000000000
00000001010000000000010100000000000000000010000000
00000000100000000000011000000000000000000010000000
00000000000000000000011000000000010100000101000000
00000000000000111000000000000000010110000100000000
00000011000000000000000000000000010000000100000000
00001101000000000000000000000000001110000100000000
11001110000000000000000000000000010010000100000000
11000100000000000000000000011000001000000111000000
00000010001100000000000000101000000001000111000100
00000011110100000000000001110000001000000011000100
00000001111000000000000000100000000110000000000000
00000000100000000000000000011110000000000000011000
00000110010000011000000000000001000000000110010000
00000011000000010110000000010010000000000110011100
00000000001101101110000000000001101000000100001000
00000000001100000100000000010001110100000000010000
00000000000100000000000000010000011000000001110000
00000000000000000001100000010011110000000011110000
00000000000000000001101000100001001000000110011000
00000000000010000010001110010000111100000011111000
00000000000010000000001100000000100000000001110000
00000000000000000011111000000000011000000000000000
00000000000000000001110000000000000000000000000000
